0, [415.00, 217.00]
1, [414.34, 216.34]
2, [412.34, 214.57]
3, [408.98, 211.99]
4, [404.25, 208.90]
5, [398.12, 205.62]
6, [390.59, 202.46]
7, [381.63, 199.70]
8, [371.22, 197.67]
9, [359.35, 196.67]
10, [346.00, 197.00]
11, [346.57, 197.47]
12, [348.02, 198.91]
13, [349.95, 201.34]
14, [351.95, 204.78]
15, [353.62, 209.25]
16, [354.57, 214.78]
17, [354.38, 221.40]
18, [352.66, 229.13]
19, [349.00, 237.99]
20, [343.00, 248.00]
21, [342.37, 247.52]
22, [340.78, 246.40]
23, [338.64, 245.12]
24, [336.41, 244.16]
25, [334.50, 244.00]
26, [333.35, 245.12]
27, [333.40, 248.00]
28, [335.06, 253.12]
29, [338.79, 260.96]
30, [345.00, 272.00]
31, [344.84, 271.57]
32, [344.77, 270.60]
33, [345.39, 269.57]
34, [347.30, 268.96]
35, [351.12, 269.25]
36, [357.46, 270.92]
37, [366.90, 274.45]
38, [380.07, 280.32]
39, [397.57, 289.01]
40, [420.00, 301.00]
41, [419.93, 301.13]
42, [420.18, 301.70]
43, [421.48, 303.02]
44, [424.51, 305.35]
45, [430.00, 309.00]
46, [438.65, 314.25]
47, [451.16, 321.38]
48, [468.26, 330.70]
49, [490.63, 342.47]
50, [519.00, 357.00]
51, [518.63, 357.66]
52, [517.87, 359.42]
53, [517.26, 361.99]
54, [517.34, 365.03]
55, [518.62, 368.25]
56, [521.66, 371.33]
57, [526.99, 373.95]
58, [535.13, 375.82]
59, [546.62, 376.60]
60, [562.00, 376.00]
61, [561.44, 375.59]
62, [559.97, 374.05]
63, [557.89, 370.94]
64, [555.50, 365.82]
65, [553.12, 358.25]
66, [551.06, 347.78]
67, [549.60, 333.96]
68, [549.07, 316.35]
69, [549.77, 294.51]
70, [552.00, 268.00]
71, [552.08, 268.64]
72, [552.32, 269.85]
73, [552.72, 270.59]
74, [553.28, 269.82]
75, [554.00, 266.50]
76, [554.88, 259.58]
77, [555.92, 248.01]
78, [557.12, 230.75]
79, [558.48, 206.76]
80, [560.00, 175.00]
81, [560.53, 175.20]
82, [561.94, 175.43]
83, [563.92, 175.11]
84, [566.21, 173.66]
85, [568.50, 170.50]
86, [570.51, 165.06]
87, [571.96, 156.77]
88, [572.54, 145.05]
89, [571.99, 129.32]
90, [570.00, 109.00]
91, [570.87, 109.51]
92, [572.85, 110.80]
93, [574.98, 112.51]
94, [576.30, 114.28]
95, [575.88, 115.75]
96, [572.74, 116.56]
97, [565.93, 116.35]
98, [554.51, 114.76]
99, [537.52, 111.43]
100, [514.00, 106.00]
101, [511.59, 106.15]
102, [504.68, 106.56]
103, [493.75, 107.17]
104, [479.28, 107.92]
105, [461.75, 108.75]
106, [441.64, 109.60]
107, [419.43, 110.41]
108, [395.60, 111.12]
109, [370.63, 111.67]
110, [345.00, 112.00]
111, [346.94, 112.00]
112, [352.52, 111.98]
113, [361.33, 111.87]
114, [373.00, 111.65]
115, [387.12, 111.25]
116, [403.32, 110.63]
117, [421.19, 109.75]
118, [440.36, 108.54]
119, [460.43, 106.98]
120, [481.00, 105.00]
121, [481.67, 104.91]
122, [483.85, 104.63]
123, [487.78, 104.12]
124, [493.70, 103.34]
125, [501.88, 102.25]
126, [512.54, 100.82]
127, [525.93, 99.02]
128, [542.31, 96.81]
129, [561.92, 94.15]
130, [585.00, 91.00]
131, [584.97, 91.14]
132, [584.46, 91.52]
133, [582.88, 92.03]
134, [579.59, 92.60]
135, [574.00, 93.12]
136, [565.49, 93.52]
137, [553.44, 93.69]
138, [537.26, 93.56]
139, [516.31, 93.03]
140, [490.00, 92.00]
141, [489.92, 91.96]
142, [488.80, 91.86]
143, [485.32, 91.72]
144, [478.16, 91.55]
145, [466.00, 91.38]
146, [447.52, 91.21]
147, [421.40, 91.07]
148, [386.32, 90.98]
149, [340.96, 90.95]
150, [284.00, 91.00]
151, [285.09, 91.10]
152, [287.32, 91.37]
153, [289.13, 91.75]
154, [288.96, 92.18]
155, [285.25, 92.62]
156, [276.44, 93.02]
157, [260.97, 93.30]
158, [237.28, 93.43]
159, [203.81, 93.35]
160, [159.00, 93.00]
161, [159.59, 92.90]
162, [160.84, 92.62]
163, [162.01, 92.15]
164, [162.36, 91.53]
165, [161.12, 90.75]
166, [157.56, 89.83]
167, [150.92, 88.79]
168, [140.44, 87.62]
169, [125.38, 86.36]
