0, [623.00, 192.00]
1, [622.84, 192.58]
2, [622.42, 194.01]
3, [621.82, 195.85]
4, [621.11, 197.66]
5, [620.38, 199.00]
6, [619.69, 199.42]
7, [619.13, 198.47]
8, [618.78, 195.71]
9, [618.71, 190.70]
10, [619.00, 183.00]
11, [619.11, 182.85]
12, [619.46, 182.15]
13, [620.04, 180.50]
14, [620.89, 177.50]
15, [622.00, 172.75]
16, [623.39, 165.86]
17, [625.08, 156.44]
18, [627.06, 144.09]
19, [629.37, 128.41]
20, [632.00, 109.00]
21, [632.42, 109.09]
22, [633.52, 109.06]
23, [635.06, 108.47]
24, [636.80, 106.89]
25, [638.50, 103.88]
26, [639.92, 98.99]
27, [640.82, 91.80]
28, [640.96, 81.86]
29, [640.10, 68.74]
30, [638.00, 52.00]
31, [638.11, 52.51]
32, [638.15, 53.80]
33, [637.70, 55.55]
34, [636.34, 57.44]
35, [633.62, 59.12]
36, [629.14, 60.28]
37, [622.47, 60.58]
38, [613.17, 59.68]
39, [600.82, 57.26]
40, [585.00, 53.00]
41, [584.88, 53.02]
42, [584.22, 53.08]
43, [582.61, 53.18]
44, [579.59, 53.32]
45, [574.75, 53.50]
46, [567.65, 53.72]
47, [557.85, 53.98]
48, [544.94, 54.28]
49, [528.46, 54.62]
50, [508.00, 55.00]
51, [509.10, 55.00]
52, [511.82, 54.99]
53, [515.30, 54.97]
54, [518.69, 54.94]
55, [521.12, 54.88]
56, [521.75, 54.78]
57, [519.71, 54.66]
58, [514.14, 54.49]
59, [504.19, 54.27]
60, [489.00, 54.00]
61, [489.38, 54.00]
62, [490.04, 53.98]
63, [490.31, 53.92]
64, [489.48, 53.81]
65, [486.88, 53.62]
66, [481.80, 53.35]
67, [473.56, 52.97]
68, [461.48, 52.46]
69, [444.86, 51.81]
70, [423.00, 51.00]
71, [423.42, 50.96]
72, [424.06, 50.86]
73, [424.00, 50.69]
74, [422.33, 50.49]
75, [418.12, 50.25]
76, [410.47, 49.99]
77, [398.45, 49.73]
78, [381.14, 49.46]
79, [357.63, 49.22]
80, [327.00, 49.00]
81, [327.80, 49.09]
82, [329.47, 49.33]
83, [330.89, 49.70]
84, [330.94, 50.18]
85, [328.50, 50.75]
86, [322.46, 51.38]
87, [311.71, 52.04]
88, [295.13, 52.71]
89, [271.60, 53.37]
90, [240.00, 54.00]
91, [240.20, 53.79]
92, [240.30, 53.25]
93, [239.59, 52.50]
94, [237.31, 51.66]
95, [232.75, 50.88]
96, [225.17, 50.26]
97, [213.83, 49.93]
98, [198.02, 50.03]
99, [176.98, 50.68]
100, [150.00, 52.00]
101, [150.70, 51.52]
102, [152.34, 50.37]
103, [154.22, 48.97]
104, [155.63, 47.74]
105, [155.88, 47.12]
106, [154.25, 47.54]
107, [150.05, 49.40]
108, [142.58, 53.15]
109, [131.13, 59.21]
110, [115.00, 68.00]
111, [115.04, 68.00]
112, [115.01, 68.33]
113, [114.71, 69.47]
114, [113.94, 71.90]
115, [112.50, 76.12]
116, [110.18, 82.62]
117, [106.77, 91.86]
118, [102.07, 104.35]
119, [95.88, 120.57]
120, [88.00, 141.00]
121, [88.28, 140.78]
122, [89.00, 140.50]
123, [89.98, 140.74]
124, [91.04, 142.09]
125, [92.00, 145.12]
126, [92.68, 150.43]
127, [92.90, 158.59]
128, [92.48, 170.18]
129, [91.24, 185.79]
130, [89.00, 206.00]
131, [88.96, 205.66]
132, [88.85, 204.88]
133, [88.67, 204.06]
134, [88.42, 203.60]
135, [88.12, 203.88]
136, [87.78, 205.28]
137, [87.38, 208.21]
138, [86.95, 213.04]
139, [86.49, 220.18]
